#	地图区域						
#	Id	Position	AreaPointType	LinkArea	CameraPosRelate	CameraRotate	RandomLevelConfigID
#	int	vector3	int	int[]	vector3	vector4	int[]
#	Index	世界坐标	类型	连接的区域	相机坐标	相机旋转	随机level点
	0	-632.9135,17.1224,-58.40645	0	3	1.015355,0.4100676,0.3489034	0.0480843,-0.0597973,-0.002904493,-0.9970475	
	1	-60.4565,33.00692,-465.5035	2	3	0.01705933,11.84627,-4.909142	-0.5553275,-0.01073829,0.007148937,-0.8315318	2001
	2	552.36,32.46273,-207.25	1	3	0.01705933,11.84627,-4.909142	-0.5553275,-0.01073829,0.007148937,-0.8315318	
	3	278.57,21.19112,118.74	2	0,2,4,5,1	0.01705933,11.84627,-4.909142	-0.5553275,-0.01073829,0.007148937,-0.8315318	1001
	4	-347.5067,11.2608,465.3931	4	3	1.015355,0.8100676,0.3489034	0.0480843,-0.0597973,-0.002904493,-0.9970475	1
	5	375.1,10.53291,461.7	2	3	0.01705933,11.84627,-4.909142	-0.5553275,-0.01073829,0.007148937,-0.8315318	2001
